100 3 2
0.05584281282316443  0.5816326530612245  0.06367432150313151  0.3469387755102042  0.0  
0.22957600827300934  0.3877551020408163  0.855427974947808  0.15306122448979584  0.21520625505527097  
0.451913133402275  0.7959183673469388  0.032881002087682666  0.6428571428571428  0.027284982475060664  
0.8686659772492245  0.3877551020408163  0.9984342379958248  0.15306122448979584  0.9160959827446751  
0.8769389865563599  0.02040816326530612  0.06054279749478079  0.0  0.0839579401455918  
0.8665977249224406  0.4693877551020408  0.9086638830897703  0.22448979591836732  0.834348881100027  
0.9327817993795244  0.3979591836734694  0.8455114822546974  0.1632653061224489  0.836290105149636  
0.7528438469493277  0.1836734693877551  0.9989561586638831  0.04081632653061228  0.795308708546778  
0.8810754912099278  0.8775510204081632  0.2881002087682672  0.7755102040816326  0.28935022917228365  
0.1458117890382627  0.25510204081632654  0.5960334029227558  0.0714285714285715  0.09733081693178754  
0.8934850051706309  0.5510204081632654  0.2907098121085595  0.3061224489795919  0.2957670531140469  
0.04239917269906929  0.7959183673469388  0.8162839248434237  0.6428571428571428  0.04491776759234294  
0.1344364012409514  0.7857142857142857  0.34290187891440504  0.6224489795918369  0.05138851442437314  
0.35367114788004134  0.0  0.3335073068893529  0.0  0.13221892693448367  
0.20889348500517063  0.5  0.42536534446764096  0.25510204081632654  0.0987328120787274  
0.2202688728024819  0.17346938775510204  0.7828810020876826  0.03061224489795921  0.190078188190887  
0.056876938986556366  0.4387755102040816  0.9697286012526097  0.1938775510204081  0.06907522243192234  
0.18717683557394002  0.7346938775510204  0.29749478079331937  0.5408163265306123  0.06228093825829063  
0.4498448810754912  0.22448979591836735  0.2933194154488517  0.051020408163265356  0.1494203289296306  
0.4405377456049638  0.07142857142857144  0.31315240083507306  0.01020408163265307  0.15545969263952544  
0.09410548086866599  0.6224489795918368  1.0  0.3877551020408162  0.11027231059584792  
0.15718717683557396  0.42857142857142855  0.08246346555323592  0.18367346938775503  0.014127797249932593  
0.6577042399172699  0.6224489795918368  0.7484342379958246  0.3979591836734693  0.5273658668104609  
0.8821096173733197  0.0  0.8919624217118998  0.0  0.8338096521973578  
0.9317476732161324  0.5816326530612245  0.49895615866388304  0.3469387755102042  0.506174170935562  
0.35987590486039295  0.5918367346938775  0.6602296450939458  0.35714285714285726  0.25861418172014017  
0.7911065149948293  0.11224489795918367  0.8225469728601252  0.01020408163265307  0.6924777568077649  
0.11892450879007241  0.5408163265306123  0.9133611691022965  0.2959183673469388  0.12477756807764895  
0.14891416752843847  0.14285714285714285  0.7693110647181628  0.02040816326530614  0.12887570773793475  
0.31023784901758017  0.0510204081632653  0.8768267223382046  0.0  0.2952278242113777  
0.16856256463288521  0.8061224489795918  0.7943632567849687  0.6428571428571428  0.1494742518198975  
0.6452947259565667  0.8673469387755102  0.48121085594989554  0.7653061224489796  0.3397681315718522  
0.7166494312306101  1.0  0.1116910229645094  1.0  0.1052035589107576  
0.6928645294725956  0.5102040816326531  0.42171189979123175  0.2653061224489796  0.3222971151253707  
0.6535677352637022  0.6734693877551021  0.9264091858037579  0.4591836734693877  0.6432461579940684  
0.9048603929679421  0.19387755102040816  0.4144050104384133  0.04081632653061228  0.4136424912375303  
0.2016546018614271  0.7857142857142857  0.09707724425887264  0.6326530612244899  0.022755459692639528  
0.2419855222337125  0.02040816326530612  0.7964509394572025  0.0  0.21137772984631975  
0.5067218200620475  0.5918367346938775  0.25626304801670147  0.35714285714285726  0.14904286869776218  
0.7921406411582212  0.15306122448979592  0.1868475991649269  0.03061224489795921  0.17778376921002967  
0.9886246122026888  0.24489795918367346  0.13726513569937368  0.06122448979591842  0.17303855486654085  
0.26370217166494314  0.5408163265306123  0.05897703549060542  0.2959183673469388  0.02070638986249663  
0.3960703205791106  0.6734693877551021  0.46085594989561585  0.4591836734693877  0.20129414936640605  
0.6153050672182006  0.6428571428571429  0.2870563674321503  0.4183673469387754  0.20086276624427069  
0.023784901758014475  0.326530612244898  0.8366388308977036  0.11224489795918377  0.030196818549474248  
0.09513960703205793  0.22448979591836735  0.7536534446764092  0.051020408163265356  0.08293340523052034  
0.2771458117890383  1.0  0.4650313152400835  1.0  0.14246427608519815  
0.5749741468459152  0.9591836734693877  0.7379958246346555  0.9285714285714285  0.4554327311943919  
0.054808686659772496  0.3469387755102041  0.3230688935281837  0.12244897959183684  0.019196548935022914  
0.7911065149948293  0.9387755102040817  0.5798538622129435  0.8877551020408164  0.49636020490698296  
0.06721820062047569  0.42857142857142855  0.11430062630480167  0.1938775510204081  0.005661903478026421  
0.3702171664943123  0.9387755102040817  0.9890396659707725  0.8877551020408164  0.394014559180372  
0.1747673216132368  0.5  0.7604384133611691  0.25510204081632654  0.14801833378269075  
0.13547052740434334  0.33673469387755106  0.9665970772442588  0.11224489795918377  0.14828794823402533  
0.8510858324715616  0.10204081632653061  0.09237995824634655  0.01020408163265307  0.10919385279050955  
0.970010341261634  0.8979591836734694  0.13778705636743216  0.8061224489795918  0.16985710434079263  
0.4126163391933816  0.6020408163265306  0.3966597077244259  0.3775510204081634  0.18155837152871393  
0.35987590486039295  0.7244897959183674  0.2458246346555323  0.5306122448979592  0.10121326503100565  
0.9968976215098243  0.24489795918367346  0.8804801670146138  0.06122448979591842  0.9297384739822054  
0.20268872802481902  0.663265306122449  0.7306889352818372  0.44897959183673464  0.1638177406308978  
0.5915201654601862  0.9285714285714286  0.0615866388308977  0.8673469387755103  0.05554057697492584  
0.5025853154084797  0.30612244897959184  0.8006263048016701  0.10204081632653071  0.4317066594769479  
0.26163391933815927  0.37755102040816324  0.26043841336116913  0.14285714285714277  0.07705581019142625  
0.26680455015511895  1.0  0.8021920668058454  1.0  0.23354003774602317  
0.6783867631851086  0.6122448979591837  0.42432150313152395  0.3877551020408162  0.3172283634402804  
0.32574974146845914  0.7551020408163265  0.69258872651357  0.5816326530612246  0.24556484227554598  
0.5398138572905894  0.9387755102040817  0.0  0.8877551020408164  0.015691561067673224  
0.9358841778697001  0.5510204081632654  0.8606471816283926  0.3061224489795919  0.8533297384739821  
0.49327817993795237  0.25510204081632654  0.7426931106471816  0.0714285714285715  0.39412240496090584  
0.6835573940020682  0.5408163265306123  0.004697286012526094  0.2959183673469388  0.02496629819358318  
0.9886246122026888  0.8775510204081632  0.541231732776618  0.7755102040816326  0.579455378808304  
0.5718717683557394  0.6326530612244898  0.7526096033402923  0.40816326530612235  0.461364249123753  
0.5646328852119958  0.0816326530612245  0.7797494780793319  0.01020408163265307  0.47155567538420057  
0.12409513960703206  0.2857142857142857  0.7698329853862212  0.08163265306122457  0.10892423833917497  
0.8407445708376423  0.19387755102040816  0.46085594989561585  0.04081632653061228  0.42485845241304926  
0.5274043433298862  0.0510204081632653  0.44780793319415446  0.0  0.2595847937449447  
0.39193381592554294  0.4897959183673469  0.9201461377870565  0.24489795918367346  0.38738204367754103  
0.44881075491209926  0.4693877551020408  0.6732776617954072  0.22448979591836732  0.3268805607980588  
0.953464322647363  0.8877551020408163  0.994258872651357  0.7857142857142857  1.0  
0.16339193381592554  0.5714285714285714  0.5955114822546973  0.32653061224489804  0.10887031544890806  
0.1747673216132368  0.653061224489796  0.7588726513569937  0.4285714285714285  0.1476408735508223  
0.437435367114788  0.3979591836734694  0.5135699373695198  0.1632653061224489  0.246211916958749  
0.04653567735263702  0.2857142857142857  0.29123173277661796  0.08163265306122457  0.014127797249932593  
0.25749741468459153  0.9693877551020408  0.44467640918580376  0.9387755102040816  0.12682663790779183  
0.0  0.5714285714285714  0.9634655532359082  0.3367346938775511  0.011970881639255864  
0.09513960703205793  0.33673469387755106  0.11847599164926931  0.12244897959183684  0.010407117821515233  
0.37435367114788004  0.0510204081632653  0.6012526096033403  0.0  0.2450795362631437  
0.6132368148914167  0.7551020408163265  0.9029227557411273  0.5714285714285715  0.5891614990563493  
1.0  0.9489795918367346  0.35177453027139877  0.9081632653061223  0.3930439471555675  
0.2905894519131334  0.653061224489796  0.37004175365344466  0.4285714285714285  0.11970881639255862  
0.7900723888314374  1.0  0.13778705636743216  1.0  0.13766513885144244  
0.1737331954498449  0.7857142857142857  0.5234864300626304  0.6224489795918369  0.10137503370180641  
0.6008273009307135  0.9591836734693877  0.008872651356993734  0.9183673469387754  0.023672148827177136  
0.1582213029989659  0.5408163265306123  0.6075156576200417  0.2959183673469388  0.10773793475330277  
0.5015511892450879  0.5918367346938775  0.4556367432150312  0.35714285714285726  0.2512267457535724  
0.985522233712513  0.30612244897959184  0.34029227557411273  0.10204081632653071  0.3759503909409544  
0.733195449844881  0.7244897959183674  0.5521920668058455  0.5204081632653061  0.43925586411431644  
0.7869700103412616  0.836734693877551  0.855427974947808  0.6938775510204082  0.7156645996225397  
0.7600827300930714  0.9183673469387755  0.04906054279749478  0.8571428571428572  0.063359396063629  
0.7145811789038262  0.663265306122449  0.10490605427974947  0.43877551020408156  0.1001887301159342  
