100 3 1
0.31313131313131315  0.8000000000000002  0.877654196157735  0.33956200904546535  
0.38383838383838387  0.6060913705583757  0.9989888776541962  0.28624137110211856  
0.98989898989899  0.500507614213198  0.022244691607684525  0.29635800999761963  
0.13131313131313133  0.6690355329949239  0.4054600606673407  0.11842418471792432  
0.8484848484848485  0.36243654822335025  0.7694641051567239  0.22399428707450608  
0.6868686868686869  0.5532994923857868  0.3963599595551061  0.2949297786241371  
0.11111111111111112  0.9065989847715736  0.211324570273003  0.14008569388240896  
0.24242424242424243  0.9309644670050762  0.29828109201213343  0.2906450845036896  
0.25252525252525254  0.6000000000000001  0.0  0.10795048797905261  
0.18181818181818182  0.06395939086294415  0.8837209302325582  0.10473696738871699  
0.07070707070707072  0.4263959390862945  0.27603640040444893  0.0498690787907641  
0.8282828282828283  0.7451776649746193  0.6450960566228513  0.6166388955010712  
0.42424242424242425  0.4862944162436548  0.5035389282103133  0.17888597952868368  
0.9494949494949495  0.004060913705583757  0.14256825075834173  0.0164246607950488  
0.7676767676767677  0.12893401015228428  0.20930232558139533  0.040466555582004286  
0.5656565656565656  0.06395939086294415  0.5308392315470172  0.06534158533682458  
0.6666666666666667  0.5441624365482234  0.7714863498483316  0.32408950249940494  
0.41414141414141414  0.044670050761421325  0.5136501516683518  0.061294929778624135  
0.9797979797979798  0.3431472081218274  0.47421638018200196  0.1926922161390145  
0.4444444444444445  0.0284263959390863  0.27704752275025274  0.03273030230897406  
0.1717171717171717  0.8659898477157361  0.8463094034378158  0.25577243513449177  
0.5656565656565656  0.03756345177664975  0.3377148634984833  0.040585574863127825  
0.9393939393939393  0.4903553299492386  0.3215369059656218  0.30552249464413234  
0.16161616161616163  0.0  0.0455005055611729  0.004879790526065223  
0.9494949494949495  0.3015228426395939  0.4155712841253792  0.15174958343251607  
0.18181818181818182  0.5553299492385788  0.29828109201213343  0.10271363960961677  
0.20202020202020202  0.5076142131979695  0.704752275025278  0.14544156153296836  
0.5757575757575757  0.6964467005076143  0.19817997977755306  0.35396334206141394  
0.42424242424242425  0.41522842639593915  0.024266936299292212  0.08985955724827423  
0.16161616161616163  0.5360406091370559  0.596562184024267  0.12758866936443705  
0.797979797979798  0.26903553299492383  0.07785642062689585  0.07890978338490835  
0.050505050505050504  0.7228426395939087  0.897876643073812  0.14389431087836232  
0.6464646464646465  0.9147208121827411  0.6723963599595552  0.7178052844560819  
0.29292929292929293  0.9868020304568527  0.24064711830131444  0.36848369435848605  
0.20202020202020202  0.9583756345177665  0.012133468149646108  0.2292311354439419  
0.0  0.7208121827411168  0.09908998988877654  0.01452035229707213  
0.40404040404040403  0.2659898477157361  0.6289180990899899  0.10818852654129972  
0.08080808080808081  0.717766497461929  0.07381193124368049  0.06165198762199476  
0.20202020202020202  0.2751269035532995  0.1051567239635996  0.03130207093549155  
0.6868686868686869  0.4568527918781726  0.6804853387259857  0.25172577957629133  
0.393939393939394  0.02639593908629442  0.0  0.0  
0.050505050505050504  0.5492385786802031  0.8463094034378158  0.11901928112354201  
0.15151515151515152  0.915736040609137  0.5733063700707786  0.22447036419900024  
0.36363636363636365  0.24873096446700504  0.4256825075834176  0.07771959057367295  
0.5757575757575757  0.5766497461928934  0.055611729019211326  0.23220661747203045  
0.32323232323232326  0.5421319796954316  0.8796764408493426  0.2181623422994525  
0.18181818181818182  0.8172588832487309  0.7421638018200202  0.23303975243989525  
0.27272727272727276  0.618274111675127  0.36097067745197164  0.16960247560104738  
0.24242424242424243  0.01319796954314721  0.2527805864509606  0.029397762437514876  
1.0  0.3563451776649746  0.4044489383215369  0.198286122351821  
0.4444444444444445  0.43248730964467014  0.5500505561172901  0.16507974291835278  
0.6060606060606061  0.015228426395939087  0.28412537917087965  0.03320637943346822  
0.010101010101010102  0.8497461928934009  0.8604651162790697  0.1152106641275887  
0.8484848484848485  0.43248730964467014  0.21739130434782605  0.21459176386574624  
0.6161616161616161  0.9593908629441624  0.345803842264914  0.707926684122828  
0.0202020202020202  0.5086294416243655  0.7199191102123357  0.09497738633658652  
0.26262626262626265  0.16548223350253807  0.8442871587462082  0.10806950726017615  
0.41414141414141414  0.050761421319796954  0.7027300303336703  0.08378957391097358  
0.6262626262626263  0.35329949238578684  0.25581395348837205  0.12366103308736016  
0.26262626262626265  1.0  0.9049544994944387  0.4202570816472269  
0.5555555555555556  0.4253807106598985  0.98685540950455  0.2370864079980957  
0.030303030303030304  0.4355329949238579  0.6390293225480284  0.08355153534872649  
0.07070707070707072  0.3096446700507614  0.865520728008089  0.11092597000714116  
0.5454545454545455  0.21319796954314724  0.1587462082912032  0.048678885979528685  
0.0  0.15126903553299492  0.1243680485338726  0.01452035229707213  
0.6464646464646465  0.350253807106599  0.1678463094034378  0.11413949059747681  
0.5555555555555556  0.9969543147208122  1.0  0.7670792668412282  
0.41414141414141414  0.5208121827411168  0.28816986855409504  0.167103070697453  
0.7070707070707071  0.1147208121827411  0.9494438827098078  0.12318495596286601  
0.5959595959595959  0.18680203045685279  0.32254802831142565  0.0631992382766008  
0.6969696969696969  0.8385786802030457  0.18301314459049542  0.5998571768626518  
0.18181818181818182  0.9472081218274112  0.8291203235591506  0.2985003570578434  
0.11111111111111112  0.6263959390862945  0.7623862487360971  0.14508450368959774  
0.32323232323232326  0.8477157360406091  0.1395348837209302  0.2977862413711021  
0.07070707070707072  0.1979695431472081  0.5176946410515673  0.06427041180671268  
0.9494949494949495  0.5543147208121828  0.2487360970677452  0.3749107355391574  
0.47474747474747475  0.08223350253807107  0.58948432760364  0.07319685789097834  
0.13131313131313133  0.3197969543147208  0.3660262891809909  0.05950964056177101  
0.4444444444444445  0.34822335025380713  0.5187057633973711  0.12568436086646037  
0.29292929292929293  0.49340101522842644  0.9979777553083922  0.20435610568912163  
0.36363636363636365  0.2893401015228427  0.9565217391304346  0.1492501785289217  
0.2828282828282828  0.9147208121827411  0.7350859453993932  0.37181623422994525  
0.5555555555555556  0.7350253807106599  0.2608695652173913  0.38502737443465845  
0.33333333333333337  0.667005076142132  0.8736097067745198  0.27802904070459417  
0.797979797979798  0.5492385786802031  0.7391304347826086  0.3731254463223042  
0.1717171717171717  0.061928934010152294  0.5864509605662285  0.06950726017614854  
0.33333333333333337  0.9644670050761421  0.7866531850353893  0.45727207807664844  
0.5454545454545455  0.8913705583756345  0.31344792719919107  0.5470126160437991  
0.7474747474747475  0.14517766497461929  0.08291203235591507  0.028921685313020706  
0.6161616161616161  0.6314720812182743  0.4084934277047523  0.337062604141871  
0.9696969696969697  0.9055837563451777  0.6370070778564205  1.0  
0.07070707070707072  0.9776649746192893  0.07178968655207281  0.10152344679838135  
0.0  0.9340101522842639  0.1081900910010111  0.0201142585098786  
0.43434343434343436  0.2923857868020305  0.09201213346814964  0.055105927160199956  
0.36363636363636365  0.4162436548223351  0.6835187057633973  0.15674839323970483  
0.7474747474747475  0.14416243654822336  0.4175935288169868  0.06819804808378957  
0.43434343434343436  0.5573604060913706  0.12942366026289182  0.17602951678171866  
0.12121212121212123  0.9776649746192893  0.3983822042467138  0.18840752201856703  
0.41414141414141414  0.10558375634517768  0.9777553083923154  0.12080457034039516  
0.6565656565656566  0.21015228426395938  0.02831142568250758  0.03856224708402761  
